164 164
166 166
167 167
166 166
167 167
166 166
152 152
151 151
152 152
154 154
155 155
153 153
153 153
153 153
151 151
127 127
109 109
108 108
111 111
119 119
125 125
134 134
134 134
136 136
140 140
141 141
139 139
139 139
138 138
140 140
144 144
144 144
146 146
148 148
151 151
150 150
149 149
147 147
145 145
144 144
144 144
145 145
144 144
143 143
142 142
142 142
141 141
142 142
141 141
142 142
142 142
142 142
140 140
141 141
141 141
140 140
138 138
139 139
137 137
138 138
140 140
140 140
140 140
139 139
143 143
146 146
152 152
156 156
158 158
162 162
163 163
164 164
166 166
166 166
166 166
165 165
164 164
158 158
156 156
145 145
137 137
137 137
136 136
136 136
136 136
136 136
133 133
129 129
125 125
122 122
123 123
131 131
133 133
134 134
137 137
140 140
142 142
142 142
143 143
143 143
143 143
144 144
145 145
145 145
145 145
144 144
145 145
144 144
144 144
144 144
141 141
140 140
140 140
140 140
141 141
141 141
140 140
142 142
144 144
145 145
145 145
145 145
147 147
146 146
147 147
145 145
144 144
144 144
145 145
142 142
142 142
142 142
142 142
140 140
141 141
141 141
142 142
144 144
143 143
144 144
144 144
144 144
142 142
138 138
138 138
139 139
140 140
141 141
140 140
142 142
143 143
145 145
147 147
148 148
147 147
145 145
145 145
144 144
144 144
141 141
142 142
141 141
141 141
141 141
140 140
140 140
136 136
138 138
140 140
141 141
142 142
138 138
136 136
136 136
135 135
136 136
136 136
139 139
139 139
141 141
142 142
141 141
142 142
142 142
140 140
139 139
139 139
139 139
138 138
140 140
142 142
142 142
143 143
141 141
141 141
140 140
139 139
142 142
146 146
146 146
146 146
146 146
144 144
144 144
142 142
144 144
143 143
142 142
141 141
141 141
142 142
142 142
140 140
138 138
136 136
135 135
135 135
129 129
127 127
123 123
118 118
102 102
101 101
102 102
106 106
107 107
114 114
104 104
115 115
104 104
103 103
103 103
104 104
112 112
108 108
110 110
103 103
103 103
102 102
102 102
102 102
103 103
111 111
101 101
112 112
101 101
112 112
99 99
99 99
101 101
100 100
100 100
108 108
98 98
111 111
111 111
105 105
107 107
100 100
101 101
99 99
99 99
97 97
100 100
110 110
99 99
111 111
110 110
111 111
113 113
113 113
122 122
129 129
129 129
129 129
125 125
114 114
105 105
102 102
102 102
112 112
111 111
112 112
112 112
115 115
113 113
111 111
114 114
115 115
130 130
143 143
153 153
156 156
159 159
163 163
165 165
165 165
167 167
168 168
167 167
164 164
159 159
147 147
143 143
141 141
132 132
122 122
111 111
97 97
97 97
100 100
95 95
92 92
89 89
90 90
92 92
93 93
95 95
96 96
98 98
101 101
104 104
108 108
110 110
109 109
110 110
112 112
112 112
110 110
112 112
113 113
116 116
120 120
136 136
136 136
140 140
141 141
142 142
141 141
143 143
143 143
142 142
138 138
139 139
139 139
139 139
138 138
139 139
135 135
131 131
129 129
128 128
130 130
129 129
126 126
125 125
127 127
133 133
128 128
136 136
131 131
138 138
141 141
143 143
144 144
143 143
143 143
143 143
143 143
143 143
144 144
145 145
145 145
146 146
146 146
148 148
150 150
150 150
150 150
149 149
150 150
149 149
149 149
149 149
148 148
148 148
149 149
149 149
149 149
150 150
150 150
150 150
147 147
147 147
147 147
146 146
145 145
147 147
145 145
145 145
145 145
145 145
145 145
145 145
144 144
145 145
145 145
145 145
145 145
146 146
147 147
146 146
148 148
149 149
148 148
150 150
150 150
149 149
149 149
149 149
148 148
148 148
147 147
148 148
148 148
149 149
150 150
150 150
149 149
149 149
148 148
149 149
145 145
140 140
141 141
145 145
147 147
147 147
147 147
146 146
143 143
142 142
142 142
143 143
144 144
144 144
144 144
146 146
146 146
147 147
148 148
147 147
147 147
147 147
144 144
143 143
144 144
145 145
146 146
148 148
149 149
148 148
150 150
150 150
150 150
147 147
149 149
148 148
147 147
148 148
148 148
147 147
148 148
153 153
153 153
143 143
143 143
143 143
143 143
143 143
153 153
153 153
143 143
143 143